(kicad_pcb (version 20171130) (host pcbnew "(5.1.8)-1")

  (general
    (thickness 1.6)
    (drawings 8)
    (tracks 131)
    (zones 0)
    (modules 31)
    (nets 20)
  )

  (page A4 portrait)
  (layers
    (0 F.Cu signal)
    (31 B.Cu signal)
    (32 B.Adhes user)
    (33 F.Adhes user)
    (34 B.Paste user)
    (35 F.Paste user)
    (36 B.SilkS user)
    (37 F.SilkS user)
    (38 B.Mask user)
    (39 F.Mask user)
    (40 Dwgs.User user)
    (41 Cmts.User user)
    (42 Eco1.User user)
    (43 Eco2.User user)
    (44 Edge.Cuts user)
    (45 Margin user)
    (46 B.CrtYd user)
    (47 F.CrtYd user)
    (48 B.Fab user)
    (49 F.Fab user)
  )

  (setup
    (last_trace_width 0.6)
    (user_trace_width 0.5)
    (user_trace_width 0.6)
    (trace_clearance 0.2)
    (zone_clearance 0.508)
    (zone_45_only no)
    (trace_min 0.2)
    (via_size 0.8)
    (via_drill 0.4)
    (via_min_size 0.4)
    (via_min_drill 0.3)
    (uvia_size 0.3)
    (uvia_drill 0.1)
    (uvias_allowed no)
    (uvia_min_size 0.2)
    (uvia_min_drill 0.1)
    (edge_width 0.05)
    (segment_width 0.2)
    (pcb_text_width 0.3)
    (pcb_text_size 1.5 1.5)
    (mod_edge_width 0.12)
    (mod_text_size 1 1)
    (mod_text_width 0.15)
    (pad_size 2.2 2.2)
    (pad_drill 1)
    (pad_to_mask_clearance 0)
    (aux_axis_origin 0 0)
    (visible_elements 7FFFFFFF)
    (pcbplotparams
      (layerselection 0x00000_fffffffe)
      (usegerberextensions false)
      (usegerberattributes true)
      (usegerberadvancedattributes true)
      (creategerberjobfile true)
      (excludeedgelayer true)
      (linewidth 0.100000)
      (plotframeref false)
      (viasonmask false)
      (mode 1)
      (useauxorigin false)
      (hpglpennumber 1)
      (hpglpenspeed 20)
      (hpglpendiameter 15.000000)
      (psnegative true)
      (psa4output false)
      (plotreference true)
      (plotvalue true)
      (plotinvisibletext false)
      (padsonsilk false)
      (subtractmaskfromsilk false)
      (outputformat 4)
      (mirror false)
      (drillshape 1)
      (scaleselection 1)
      (outputdirectory "pdf/"))
  )

  (net 0 "")
  (net 1 "Net-(D1-Pad1)")
  (net 2 "Net-(D1-Pad2)")
  (net 3 "Net-(D5-Pad1)")
  (net 4 "Net-(D10-Pad2)")
  (net 5 "Net-(D10-Pad1)")
  (net 6 "Net-(D11-Pad2)")
  (net 7 "Net-(D12-Pad2)")
  (net 8 "Net-(J1-Pad3)")
  (net 9 "Net-(J1-Pad2)")
  (net 10 "Net-(J1-Pad1)")
  (net 11 "Net-(D2-Pad1)")
  (net 12 "Net-(D3-Pad1)")
  (net 13 "Net-(D4-Pad1)")
  (net 14 "Net-(D6-Pad1)")
  (net 15 "Net-(D7-Pad1)")
  (net 16 "Net-(D8-Pad1)")
  (net 17 "Net-(D9-Pad1)")
  (net 18 "Net-(D11-Pad1)")
  (net 19 "Net-(D12-Pad1)")

  (net_class Default "This is the default net class."
    (clearance 0.2)
    (trace_width 0.25)
    (via_dia 0.8)
    (via_drill 0.4)
    (uvia_dia 0.3)
    (uvia_drill 0.1)
    (add_net "Net-(D1-Pad1)")
    (add_net "Net-(D1-Pad2)")
    (add_net "Net-(D10-Pad1)")
    (add_net "Net-(D10-Pad2)")
    (add_net "Net-(D11-Pad1)")
    (add_net "Net-(D11-Pad2)")
    (add_net "Net-(D12-Pad1)")
    (add_net "Net-(D12-Pad2)")
    (add_net "Net-(D2-Pad1)")
    (add_net "Net-(D3-Pad1)")
    (add_net "Net-(D4-Pad1)")
    (add_net "Net-(D5-Pad1)")
    (add_net "Net-(D6-Pad1)")
    (add_net "Net-(D7-Pad1)")
    (add_net "Net-(D8-Pad1)")
    (add_net "Net-(D9-Pad1)")
    (add_net "Net-(J1-Pad1)")
    (add_net "Net-(J1-Pad2)")
    (add_net "Net-(J1-Pad3)")
  )

  (module Connector_PinHeader_2.54mm:PinHeader_1x02_P2.54mm_Vertical (layer F.Cu) (tedit 5FE8E087) (tstamp 5FE0F120)
    (at 112.395 82.8675 330)
    (descr "Through hole straight pin header, 1x02, 2.54mm pitch, single row")
    (tags "Through hole pin header THT 1x02 2.54mm single row")
    (path /5FE24B81)
    (fp_text reference J5 (at 0 -2.33 150) (layer F.SilkS)
      (effects (font (size 1 1) (thickness 0.15)))
    )
    (fp_text value Conn_01x02_Male (at 0 4.87 150) (layer F.Fab)
      (effects (font (size 1 1) (thickness 0.15)))
    )
    (fp_line (start -0.635 -1.27) (end 1.27 -1.27) (layer F.Fab) (width 0.1))
    (fp_line (start 1.27 -1.27) (end 1.27 3.81) (layer F.Fab) (width 0.1))
    (fp_line (start 1.27 3.81) (end -1.27 3.81) (layer F.Fab) (width 0.1))
    (fp_line (start -1.27 3.81) (end -1.27 -0.635) (layer F.Fab) (width 0.1))
    (fp_line (start -1.27 -0.635) (end -0.635 -1.27) (layer F.Fab) (width 0.1))
    (fp_line (start -1.33 3.87) (end 1.33 3.87) (layer F.SilkS) (width 0.12))
    (fp_line (start -1.33 1.27) (end -1.33 3.87) (layer F.SilkS) (width 0.12))
    (fp_line (start 1.33 1.27) (end 1.33 3.87) (layer F.SilkS) (width 0.12))
    (fp_line (start -1.33 1.27) (end 1.33 1.27) (layer F.SilkS) (width 0.12))
    (fp_line (start -1.33 0) (end -1.33 -1.33) (layer F.SilkS) (width 0.12))
    (fp_line (start -1.33 -1.33) (end 0 -1.33) (layer F.SilkS) (width 0.12))
    (fp_line (start -1.8 -1.8) (end -1.8 4.35) (layer F.CrtYd) (width 0.05))
    (fp_line (start -1.8 4.35) (end 1.8 4.35) (layer F.CrtYd) (width 0.05))
    (fp_line (start 1.8 4.35) (end 1.8 -1.8) (layer F.CrtYd) (width 0.05))
    (fp_line (start 1.8 -1.8) (end -1.8 -1.8) (layer F.CrtYd) (width 0.05))
    (fp_text user %R (at 0 1.27 60) (layer F.Fab)
      (effects (font (size 1 1) (thickness 0.15)))
    )
    (pad 2 thru_hole oval (at 0 2.54 330) (size 2.2 2.2) (drill 1) (layers *.Cu *.Mask)
      (net 7 "Net-(D12-Pad2)"))
    (pad 1 thru_hole rect (at 0 0 330) (size 2.2 2.2) (drill 1) (layers *.Cu *.Mask)
      (net 6 "Net-(D11-Pad2)"))
    (model ${KISYS3DMOD}/Connector_PinHeader_2.54mm.3dshapes/PinHeader_1x02_P2.54mm_Vertical.wrl
      (at (xyz 0 0 0))
      (scale (xyz 1 1 1))
      (rotate (xyz 0 0 0))
    )
  )

  (module Connector_PinHeader_2.54mm:PinHeader_1x02_P2.54mm_Vertical (layer F.Cu) (tedit 5FE8DFFD) (tstamp 5FE0F10A)
    (at 96.8375 60.96 348)
    (descr "Through hole straight pin header, 1x02, 2.54mm pitch, single row")
    (tags "Through hole pin header THT 1x02 2.54mm single row")
    (path /5FE24224)
    (fp_text reference J4 (at 0 -2.33 168) (layer F.SilkS)
      (effects (font (size 1 1) (thickness 0.15)))
    )
    (fp_text value Conn_01x02_Male (at 0 4.87 168) (layer F.Fab)
      (effects (font (size 1 1) (thickness 0.15)))
    )
    (fp_line (start -0.635 -1.27) (end 1.27 -1.27) (layer F.Fab) (width 0.1))
    (fp_line (start 1.27 -1.27) (end 1.27 3.81) (layer F.Fab) (width 0.1))
    (fp_line (start 1.27 3.81) (end -1.27 3.81) (layer F.Fab) (width 0.1))
    (fp_line (start -1.27 3.81) (end -1.27 -0.635) (layer F.Fab) (width 0.1))
    (fp_line (start -1.27 -0.635) (end -0.635 -1.27) (layer F.Fab) (width 0.1))
    (fp_line (start -1.33 3.87) (end 1.33 3.87) (layer F.SilkS) (width 0.12))
    (fp_line (start -1.33 1.27) (end -1.33 3.87) (layer F.SilkS) (width 0.12))
    (fp_line (start 1.33 1.27) (end 1.33 3.87) (layer F.SilkS) (width 0.12))
    (fp_line (start -1.33 1.27) (end 1.33 1.27) (layer F.SilkS) (width 0.12))
    (fp_line (start -1.33 0) (end -1.33 -1.33) (layer F.SilkS) (width 0.12))
    (fp_line (start -1.33 -1.33) (end 0 -1.33) (layer F.SilkS) (width 0.12))
    (fp_line (start -1.8 -1.8) (end -1.8 4.35) (layer F.CrtYd) (width 0.05))
    (fp_line (start -1.8 4.35) (end 1.8 4.35) (layer F.CrtYd) (width 0.05))
    (fp_line (start 1.8 4.35) (end 1.8 -1.8) (layer F.CrtYd) (width 0.05))
    (fp_line (start 1.8 -1.8) (end -1.8 -1.8) (layer F.CrtYd) (width 0.05))
    (fp_text user %R (at 0 1.27 78) (layer F.Fab)
      (effects (font (size 1 1) (thickness 0.15)))
    )
    (pad 2 thru_hole oval (at 0 2.54 348) (size 2.2 2.2) (drill 1) (layers *.Cu *.Mask)
      (net 4 "Net-(D10-Pad2)"))
    (pad 1 thru_hole rect (at 0 0 348) (size 2.2 2.2) (drill 1) (layers *.Cu *.Mask)
      (net 2 "Net-(D1-Pad2)"))
    (model ${KISYS3DMOD}/Connector_PinHeader_2.54mm.3dshapes/PinHeader_1x02_P2.54mm_Vertical.wrl
      (at (xyz 0 0 0))
      (scale (xyz 1 1 1))
      (rotate (xyz 0 0 0))
    )
  )

  (module Connector_PinHeader_2.54mm:PinHeader_1x02_P2.54mm_Vertical (layer F.Cu) (tedit 5FE8E06C) (tstamp 5FE0F0F4)
    (at 90.4875 82.55 30)
    (descr "Through hole straight pin header, 1x02, 2.54mm pitch, single row")
    (tags "Through hole pin header THT 1x02 2.54mm single row")
    (path /5FE2470A)
    (fp_text reference J3 (at 0 -2.33 30) (layer F.SilkS)
      (effects (font (size 1 1) (thickness 0.15)))
    )
    (fp_text value Conn_01x02_Male (at 0 4.87 30) (layer F.Fab)
      (effects (font (size 1 1) (thickness 0.15)))
    )
    (fp_line (start -0.635 -1.27) (end 1.27 -1.27) (layer F.Fab) (width 0.1))
    (fp_line (start 1.27 -1.27) (end 1.27 3.81) (layer F.Fab) (width 0.1))
    (fp_line (start 1.27 3.81) (end -1.27 3.81) (layer F.Fab) (width 0.1))
    (fp_line (start -1.27 3.81) (end -1.27 -0.635) (layer F.Fab) (width 0.1))
    (fp_line (start -1.27 -0.635) (end -0.635 -1.27) (layer F.Fab) (width 0.1))
    (fp_line (start -1.33 3.87) (end 1.33 3.87) (layer F.SilkS) (width 0.12))
    (fp_line (start -1.33 1.27) (end -1.33 3.87) (layer F.SilkS) (width 0.12))
    (fp_line (start 1.33 1.27) (end 1.33 3.87) (layer F.SilkS) (width 0.12))
    (fp_line (start -1.33 1.27) (end 1.33 1.27) (layer F.SilkS) (width 0.12))
    (fp_line (start -1.33 0) (end -1.33 -1.33) (layer F.SilkS) (width 0.12))
    (fp_line (start -1.33 -1.33) (end 0 -1.33) (layer F.SilkS) (width 0.12))
    (fp_line (start -1.8 -1.8) (end -1.8 4.35) (layer F.CrtYd) (width 0.05))
    (fp_line (start -1.8 4.35) (end 1.8 4.35) (layer F.CrtYd) (width 0.05))
    (fp_line (start 1.8 4.35) (end 1.8 -1.8) (layer F.CrtYd) (width 0.05))
    (fp_line (start 1.8 -1.8) (end -1.8 -1.8) (layer F.CrtYd) (width 0.05))
    (fp_text user %R (at 0 1.27 120) (layer F.Fab)
      (effects (font (size 1 1) (thickness 0.15)))
    )
    (pad 2 thru_hole oval (at 0 2.54 30) (size 2.2 2.2) (drill 1) (layers *.Cu *.Mask)
      (net 7 "Net-(D12-Pad2)"))
    (pad 1 thru_hole rect (at 0 0 30) (size 2.2 2.2) (drill 1) (layers *.Cu *.Mask)
      (net 6 "Net-(D11-Pad2)"))
    (model ${KISYS3DMOD}/Connector_PinHeader_2.54mm.3dshapes/PinHeader_1x02_P2.54mm_Vertical.wrl
      (at (xyz 0 0 0))
      (scale (xyz 1 1 1))
      (rotate (xyz 0 0 0))
    )
  )

  (module Connector_PinHeader_2.54mm:PinHeader_1x02_P2.54mm_Vertical (layer F.Cu) (tedit 5FE8E00D) (tstamp 5FE0F0DE)
    (at 107.6325 60.96 12)
    (descr "Through hole straight pin header, 1x02, 2.54mm pitch, single row")
    (tags "Through hole pin header THT 1x02 2.54mm single row")
    (path /5FE238EC)
    (fp_text reference J2 (at 0 -2.33 12) (layer F.SilkS)
      (effects (font (size 1 1) (thickness 0.15)))
    )
    (fp_text value Conn_01x02_Male (at 0 4.87 12) (layer F.Fab)
      (effects (font (size 1 1) (thickness 0.15)))
    )
    (fp_line (start -0.635 -1.27) (end 1.27 -1.27) (layer F.Fab) (width 0.1))
    (fp_line (start 1.27 -1.27) (end 1.27 3.81) (layer F.Fab) (width 0.1))
    (fp_line (start 1.27 3.81) (end -1.27 3.81) (layer F.Fab) (width 0.1))
    (fp_line (start -1.27 3.81) (end -1.27 -0.635) (layer F.Fab) (width 0.1))
    (fp_line (start -1.27 -0.635) (end -0.635 -1.27) (layer F.Fab) (width 0.1))
    (fp_line (start -1.33 3.87) (end 1.33 3.87) (layer F.SilkS) (width 0.12))
    (fp_line (start -1.33 1.27) (end -1.33 3.87) (layer F.SilkS) (width 0.12))
    (fp_line (start 1.33 1.27) (end 1.33 3.87) (layer F.SilkS) (width 0.12))
    (fp_line (start -1.33 1.27) (end 1.33 1.27) (layer F.SilkS) (width 0.12))
    (fp_line (start -1.33 0) (end -1.33 -1.33) (layer F.SilkS) (width 0.12))
    (fp_line (start -1.33 -1.33) (end 0 -1.33) (layer F.SilkS) (width 0.12))
    (fp_line (start -1.8 -1.8) (end -1.8 4.35) (layer F.CrtYd) (width 0.05))
    (fp_line (start -1.8 4.35) (end 1.8 4.35) (layer F.CrtYd) (width 0.05))
    (fp_line (start 1.8 4.35) (end 1.8 -1.8) (layer F.CrtYd) (width 0.05))
    (fp_line (start 1.8 -1.8) (end -1.8 -1.8) (layer F.CrtYd) (width 0.05))
    (fp_text user %R (at 0 1.27 102) (layer F.Fab)
      (effects (font (size 1 1) (thickness 0.15)))
    )
    (pad 2 thru_hole oval (at 0 2.54 12) (size 2.2 2.2) (drill 1) (layers *.Cu *.Mask)
      (net 4 "Net-(D10-Pad2)"))
    (pad 1 thru_hole rect (at 0 0 12) (size 2.2 2.2) (drill 1) (layers *.Cu *.Mask)
      (net 2 "Net-(D1-Pad2)"))
    (model ${KISYS3DMOD}/Connector_PinHeader_2.54mm.3dshapes/PinHeader_1x02_P2.54mm_Vertical.wrl
      (at (xyz 0 0 0))
      (scale (xyz 1 1 1))
      (rotate (xyz 0 0 0))
    )
  )

  (module Connector_PinHeader_2.54mm:PinHeader_1x03_P2.54mm_Vertical (layer F.Cu) (tedit 5FF3965F) (tstamp 5FE0EAF3)
    (at 97.79 73.025 90)
    (descr "Through hole straight pin header, 1x03, 2.54mm pitch, single row")
    (tags "Through hole pin header THT 1x03 2.54mm single row")
    (path /5FE100F1)
    (fp_text reference J1 (at 0 -2.33 90) (layer F.SilkS)
      (effects (font (size 1 1) (thickness 0.15)))
    )
    (fp_text value Conn_01x03_Male (at 0 7.41 90) (layer F.Fab)
      (effects (font (size 1 1) (thickness 0.15)))
    )
    (fp_line (start 1.8 -1.8) (end -1.8 -1.8) (layer F.CrtYd) (width 0.05))
    (fp_line (start 1.8 6.85) (end 1.8 -1.8) (layer F.CrtYd) (width 0.05))
    (fp_line (start -1.8 6.85) (end 1.8 6.85) (layer F.CrtYd) (width 0.05))
    (fp_line (start -1.8 -1.8) (end -1.8 6.85) (layer F.CrtYd) (width 0.05))
    (fp_line (start -1.33 -1.33) (end 0 -1.33) (layer F.SilkS) (width 0.12))
    (fp_line (start -1.33 0) (end -1.33 -1.33) (layer F.SilkS) (width 0.12))
    (fp_line (start -1.33 1.27) (end 1.33 1.27) (layer F.SilkS) (width 0.12))
    (fp_line (start 1.33 1.27) (end 1.33 6.41) (layer F.SilkS) (width 0.12))
    (fp_line (start -1.33 1.27) (end -1.33 6.41) (layer F.SilkS) (width 0.12))
    (fp_line (start -1.33 6.41) (end 1.33 6.41) (layer F.SilkS) (width 0.12))
    (fp_line (start -1.27 -0.635) (end -0.635 -1.27) (layer F.Fab) (width 0.1))
    (fp_line (start -1.27 6.35) (end -1.27 -0.635) (layer F.Fab) (width 0.1))
    (fp_line (start 1.27 6.35) (end -1.27 6.35) (layer F.Fab) (width 0.1))
    (fp_line (start 1.27 -1.27) (end 1.27 6.35) (layer F.Fab) (width 0.1))
    (fp_line (start -0.635 -1.27) (end 1.27 -1.27) (layer F.Fab) (width 0.1))
    (fp_text user %R (at 0 2.54) (layer F.Fab)
      (effects (font (size 1 1) (thickness 0.15)))
    )
    (pad 3 thru_hole oval (at 0 5.08 90) (size 2.2 2.2) (drill 1) (layers *.Cu *.Mask)
      (net 8 "Net-(J1-Pad3)"))
    (pad 2 thru_hole oval (at 0 2.54 90) (size 2.2 2.2) (drill 1) (layers *.Cu *.Mask)
      (net 9 "Net-(J1-Pad2)"))
    (pad 1 thru_hole rect (at 0 0 90) (size 2.2 2) (drill 1) (layers *.Cu *.Mask)
      (net 10 "Net-(J1-Pad1)"))
    (model ${KISYS3DMOD}/Connector_PinHeader_2.54mm.3dshapes/PinHeader_1x03_P2.54mm_Vertical.wrl
      (at (xyz 0 0 0))
      (scale (xyz 1 1 1))
      (rotate (xyz 0 0 0))
    )
  )

  (module MountingHole:MountingHole_2.5mm (layer F.Cu) (tedit 56D1B4CB) (tstamp 5FDFCDFF)
    (at 101.6 60.96)
    (descr "Mounting Hole 2.5mm, no annular")
    (tags "mounting hole 2.5mm no annular")
    (path /5FDFD834)
    (attr virtual)
    (fp_text reference H2 (at 2.54 3.175) (layer F.SilkS)
      (effects (font (size 1 1) (thickness 0.15)))
    )
    (fp_text value MountingHole (at 0 3.5) (layer F.Fab)
      (effects (font (size 1 1) (thickness 0.15)))
    )
    (fp_circle (center 0 0) (end 2.5 0) (layer Cmts.User) (width 0.15))
    (fp_circle (center 0 0) (end 2.75 0) (layer F.CrtYd) (width 0.05))
    (fp_text user %R (at 0.3 0) (layer F.Fab)
      (effects (font (size 1 1) (thickness 0.15)))
    )
    (pad 1 np_thru_hole circle (at 0 0) (size 2.5 2.5) (drill 2.5) (layers *.Cu *.Mask))
  )

  (module MountingHole:MountingHole_2.5mm (layer F.Cu) (tedit 56D1B4CB) (tstamp 5FDFCDF7)
    (at 101.6 86.995)
    (descr "Mounting Hole 2.5mm, no annular")
    (tags "mounting hole 2.5mm no annular")
    (path /5FDFCD71)
    (attr virtual)
    (fp_text reference H1 (at 0 -3.5) (layer F.SilkS)
      (effects (font (size 1 1) (thickness 0.15)))
    )
    (fp_text value MountingHole (at 0 3.5) (layer F.Fab)
      (effects (font (size 1 1) (thickness 0.15)))
    )
    (fp_circle (center 0 0) (end 2.5 0) (layer Cmts.User) (width 0.15))
    (fp_circle (center 0 0) (end 2.75 0) (layer F.CrtYd) (width 0.05))
    (fp_text user %R (at 0.3 0) (layer F.Fab)
      (effects (font (size 1 1) (thickness 0.15)))
    )
    (pad 1 np_thru_hole circle (at 0 0) (size 2.5 2.5) (drill 2.5) (layers *.Cu *.Mask))
  )

  (module LED_THT:LED_D5.0mm (layer B.Cu) (tedit 5FE8DFAF) (tstamp 5FDFB816)
    (at 97.155 56.515)
    (descr "LED, diameter 5.0mm, 2 pins, http://cdn-reichelt.de/documents/datenblatt/A500/LL-504BC2E-009.pdf")
    (tags "LED diameter 5.0mm 2 pins")
    (path /5FDF555C)
    (fp_text reference D1 (at 1.3335 2.286) (layer B.SilkS)
      (effects (font (size 1 1) (thickness 0.15)) (justify mirror))
    )
    (fp_text value LED (at 1.27 -3.96) (layer B.Fab)
      (effects (font (size 1 1) (thickness 0.15)) (justify mirror))
    )
    (fp_line (start 4.5 3.25) (end -1.95 3.25) (layer B.CrtYd) (width 0.05))
    (fp_line (start 4.5 -3.25) (end 4.5 3.25) (layer B.CrtYd) (width 0.05))
    (fp_line (start -1.95 -3.25) (end 4.5 -3.25) (layer B.CrtYd) (width 0.05))
    (fp_line (start -1.95 3.25) (end -1.95 -3.25) (layer B.CrtYd) (width 0.05))
    (fp_line (start -1.29 1.545) (end -1.29 -1.545) (layer B.SilkS) (width 0.12))
    (fp_line (start -1.23 1.469694) (end -1.23 -1.469694) (layer B.Fab) (width 0.1))
    (fp_circle (center 1.27 0) (end 3.77 0) (layer B.SilkS) (width 0.12))
    (fp_circle (center 1.27 0) (end 3.77 0) (layer B.Fab) (width 0.1))
    (fp_arc (start 1.27 0) (end -1.23 1.469694) (angle -299.1) (layer B.Fab) (width 0.1))
    (fp_arc (start 1.27 0) (end -1.29 1.54483) (angle -148.9) (layer B.SilkS) (width 0.12))
    (fp_arc (start 1.27 0) (end -1.29 -1.54483) (angle 148.9) (layer B.SilkS) (width 0.12))
    (fp_text user %R (at 1.25 0) (layer B.Fab)
      (effects (font (size 0.8 0.8) (thickness 0.2)) (justify mirror))
    )
    (pad 1 thru_hole rect (at 0 0) (size 2.2 2.2) (drill 0.9) (layers *.Cu *.Mask)
      (net 1 "Net-(D1-Pad1)"))
    (pad 2 thru_hole circle (at 2.54 0) (size 2.2 2.2) (drill 0.9) (layers *.Cu *.Mask)
      (net 2 "Net-(D1-Pad2)"))
    (model ${KISYS3DMOD}/LED_THT.3dshapes/LED_D5.0mm.wrl
      (at (xyz 0 0 0))
      (scale (xyz 1 1 1))
      (rotate (xyz 0 0 0))
    )
  )

  (module LED_THT:LED_D5.0mm (layer B.Cu) (tedit 5FE8DFED) (tstamp 5FDFB828)
    (at 94.615 69.5325 60)
    (descr "LED, diameter 5.0mm, 2 pins, http://cdn-reichelt.de/documents/datenblatt/A500/LL-504BC2E-009.pdf")
    (tags "LED diameter 5.0mm 2 pins")
    (path /5FDF87DC)
    (fp_text reference D2 (at 1.3335 1.8415 60) (layer B.SilkS)
      (effects (font (size 1 1) (thickness 0.15)) (justify mirror))
    )
    (fp_text value LED (at 1.27 -3.96 60) (layer B.Fab)
      (effects (font (size 1 1) (thickness 0.15)) (justify mirror))
    )
    (fp_circle (center 1.27 0) (end 3.77 0) (layer B.Fab) (width 0.1))
    (fp_circle (center 1.27 0) (end 3.77 0) (layer B.SilkS) (width 0.12))
    (fp_line (start -1.23 1.469694) (end -1.23 -1.469694) (layer B.Fab) (width 0.1))
    (fp_line (start -1.29 1.545) (end -1.29 -1.545) (layer B.SilkS) (width 0.12))
    (fp_line (start -1.95 3.25) (end -1.95 -3.25) (layer B.CrtYd) (width 0.05))
    (fp_line (start -1.95 -3.25) (end 4.5 -3.25) (layer B.CrtYd) (width 0.05))
    (fp_line (start 4.5 -3.25) (end 4.5 3.25) (layer B.CrtYd) (width 0.05))
    (fp_line (start 4.5 3.25) (end -1.95 3.25) (layer B.CrtYd) (width 0.05))
    (fp_text user %R (at 1.25 0 60) (layer B.Fab)
      (effects (font (size 0.8 0.8) (thickness 0.2)) (justify mirror))
    )
    (fp_arc (start 1.27 0) (end -1.29 -1.54483) (angle 148.9) (layer B.SilkS) (width 0.12))
    (fp_arc (start 1.27 0) (end -1.29 1.54483) (angle -148.9) (layer B.SilkS) (width 0.12))
    (fp_arc (start 1.27 0) (end -1.23 1.469694) (angle -299.1) (layer B.Fab) (width 0.1))
    (pad 2 thru_hole circle (at 2.54 0 60) (size 2.2 2.2) (drill 0.9) (layers *.Cu *.Mask)
      (net 4 "Net-(D10-Pad2)"))
    (pad 1 thru_hole rect (at 0 0 60) (size 2.2 2.2) (drill 0.9) (layers *.Cu *.Mask)
      (net 11 "Net-(D2-Pad1)"))
    (model ${KISYS3DMOD}/LED_THT.3dshapes/LED_D5.0mm.wrl
      (at (xyz 0 0 0))
      (scale (xyz 1 1 1))
      (rotate (xyz 0 0 0))
    )
  )

  (module LED_THT:LED_D5.0mm (layer B.Cu) (tedit 5FE8E041) (tstamp 5FDFB83A)
    (at 91.7575 79.0575)
    (descr "LED, diameter 5.0mm, 2 pins, http://cdn-reichelt.de/documents/datenblatt/A500/LL-504BC2E-009.pdf")
    (tags "LED diameter 5.0mm 2 pins")
    (path /5FDFAFA4)
    (fp_text reference D3 (at 1.3335 1.7145) (layer B.SilkS)
      (effects (font (size 1 1) (thickness 0.15)) (justify mirror))
    )
    (fp_text value LED (at 1.27 -3.96) (layer B.Fab)
      (effects (font (size 1 1) (thickness 0.15)) (justify mirror))
    )
    (fp_line (start 4.5 3.25) (end -1.95 3.25) (layer B.CrtYd) (width 0.05))
    (fp_line (start 4.5 -3.25) (end 4.5 3.25) (layer B.CrtYd) (width 0.05))
    (fp_line (start -1.95 -3.25) (end 4.5 -3.25) (layer B.CrtYd) (width 0.05))
    (fp_line (start -1.95 3.25) (end -1.95 -3.25) (layer B.CrtYd) (width 0.05))
    (fp_line (start -1.29 1.545) (end -1.29 -1.545) (layer B.SilkS) (width 0.12))
    (fp_line (start -1.23 1.469694) (end -1.23 -1.469694) (layer B.Fab) (width 0.1))
    (fp_circle (center 1.27 0) (end 3.77 0) (layer B.SilkS) (width 0.12))
    (fp_circle (center 1.27 0) (end 3.77 0) (layer B.Fab) (width 0.1))
    (fp_arc (start 1.27 0) (end -1.23 1.469694) (angle -299.1) (layer B.Fab) (width 0.1))
    (fp_arc (start 1.27 0) (end -1.29 1.54483) (angle -148.9) (layer B.SilkS) (width 0.12))
    (fp_arc (start 1.27 0) (end -1.29 -1.54483) (angle 148.9) (layer B.SilkS) (width 0.12))
    (fp_text user %R (at 1.25 0) (layer B.Fab)
      (effects (font (size 0.8 0.8) (thickness 0.2)) (justify mirror))
    )
    (pad 1 thru_hole rect (at 0 0) (size 2.2 2.2) (drill 0.9) (layers *.Cu *.Mask)
      (net 12 "Net-(D3-Pad1)"))
    (pad 2 thru_hole circle (at 2.54 0) (size 2.2 2.2) (drill 0.9) (layers *.Cu *.Mask)
      (net 6 "Net-(D11-Pad2)"))
    (model ${KISYS3DMOD}/LED_THT.3dshapes/LED_D5.0mm.wrl
      (at (xyz 0 0 0))
      (scale (xyz 1 1 1))
      (rotate (xyz 0 0 0))
    )
  )

  (module LED_THT:LED_D5.0mm (layer B.Cu) (tedit 5FE8E078) (tstamp 5FDFB84C)
    (at 96.52 87.63 180)
    (descr "LED, diameter 5.0mm, 2 pins, http://cdn-reichelt.de/documents/datenblatt/A500/LL-504BC2E-009.pdf")
    (tags "LED diameter 5.0mm 2 pins")
    (path /5FDFAFB6)
    (fp_text reference D4 (at 1.27 1.651) (layer B.SilkS)
      (effects (font (size 1 1) (thickness 0.15)) (justify mirror))
    )
    (fp_text value LED (at 1.27 -3.96) (layer B.Fab)
      (effects (font (size 1 1) (thickness 0.15)) (justify mirror))
    )
    (fp_circle (center 1.27 0) (end 3.77 0) (layer B.Fab) (width 0.1))
    (fp_circle (center 1.27 0) (end 3.77 0) (layer B.SilkS) (width 0.12))
    (fp_line (start -1.23 1.469694) (end -1.23 -1.469694) (layer B.Fab) (width 0.1))
    (fp_line (start -1.29 1.545) (end -1.29 -1.545) (layer B.SilkS) (width 0.12))
    (fp_line (start -1.95 3.25) (end -1.95 -3.25) (layer B.CrtYd) (width 0.05))
    (fp_line (start -1.95 -3.25) (end 4.5 -3.25) (layer B.CrtYd) (width 0.05))
    (fp_line (start 4.5 -3.25) (end 4.5 3.25) (layer B.CrtYd) (width 0.05))
    (fp_line (start 4.5 3.25) (end -1.95 3.25) (layer B.CrtYd) (width 0.05))
    (fp_text user %R (at 1.25 0) (layer B.Fab)
      (effects (font (size 0.8 0.8) (thickness 0.2)) (justify mirror))
    )
    (fp_arc (start 1.27 0) (end -1.29 -1.54483) (angle 148.9) (layer B.SilkS) (width 0.12))
    (fp_arc (start 1.27 0) (end -1.29 1.54483) (angle -148.9) (layer B.SilkS) (width 0.12))
    (fp_arc (start 1.27 0) (end -1.23 1.469694) (angle -299.1) (layer B.Fab) (width 0.1))
    (pad 2 thru_hole circle (at 2.54 0 180) (size 2.2 2.2) (drill 0.9) (layers *.Cu *.Mask)
      (net 7 "Net-(D12-Pad2)"))
    (pad 1 thru_hole rect (at 0 0 180) (size 2.2 2.2) (drill 0.9) (layers *.Cu *.Mask)
      (net 13 "Net-(D4-Pad1)"))
    (model ${KISYS3DMOD}/LED_THT.3dshapes/LED_D5.0mm.wrl
      (at (xyz 0 0 0))
      (scale (xyz 1 1 1))
      (rotate (xyz 0 0 0))
    )
  )

  (module LED_THT:LED_D5.0mm (layer B.Cu) (tedit 5FE8DE91) (tstamp 5FDFB85E)
    (at 100.33 50.165)
    (descr "LED, diameter 5.0mm, 2 pins, http://cdn-reichelt.de/documents/datenblatt/A500/LL-504BC2E-009.pdf")
    (tags "LED diameter 5.0mm 2 pins")
    (path /5FDF5FFB)
    (fp_text reference D5 (at 1.27 -1.905) (layer B.SilkS)
      (effects (font (size 1 1) (thickness 0.15)) (justify mirror))
    )
    (fp_text value LED (at 1.27 -3.96) (layer B.Fab)
      (effects (font (size 1 1) (thickness 0.15)) (justify mirror))
    )
    (fp_circle (center 1.27 0) (end 3.77 0) (layer B.Fab) (width 0.1))
    (fp_circle (center 1.27 0) (end 3.77 0) (layer B.SilkS) (width 0.12))
    (fp_line (start -1.23 1.469694) (end -1.23 -1.469694) (layer B.Fab) (width 0.1))
    (fp_line (start -1.29 1.545) (end -1.29 -1.545) (layer B.SilkS) (width 0.12))
    (fp_line (start -1.95 3.25) (end -1.95 -3.25) (layer B.CrtYd) (width 0.05))
    (fp_line (start -1.95 -3.25) (end 4.5 -3.25) (layer B.CrtYd) (width 0.05))
    (fp_line (start 4.5 -3.25) (end 4.5 3.25) (layer B.CrtYd) (width 0.05))
    (fp_line (start 4.5 3.25) (end -1.95 3.25) (layer B.CrtYd) (width 0.05))
    (fp_text user %R (at 1.25 0) (layer B.Fab)
      (effects (font (size 0.8 0.8) (thickness 0.2)) (justify mirror))
    )
    (fp_arc (start 1.27 0) (end -1.29 -1.54483) (angle 148.9) (layer B.SilkS) (width 0.12))
    (fp_arc (start 1.27 0) (end -1.29 1.54483) (angle -148.9) (layer B.SilkS) (width 0.12))
    (fp_arc (start 1.27 0) (end -1.23 1.469694) (angle -299.1) (layer B.Fab) (width 0.1))
    (pad 2 thru_hole circle (at 2.54 0) (size 2.2 2.2) (drill 0.9) (layers *.Cu *.Mask)
      (net 2 "Net-(D1-Pad2)"))
    (pad 1 thru_hole rect (at 0 0) (size 2.2 2.2) (drill 0.9) (layers *.Cu *.Mask)
      (net 3 "Net-(D5-Pad1)"))
    (model ${KISYS3DMOD}/LED_THT.3dshapes/LED_D5.0mm.wrl
      (at (xyz 0 0 0))
      (scale (xyz 1 1 1))
      (rotate (xyz 0 0 0))
    )
  )

  (module LED_THT:LED_D5.0mm (layer B.Cu) (tedit 5FE8DFC9) (tstamp 5FDFB870)
    (at 102.87 66.675 180)
    (descr "LED, diameter 5.0mm, 2 pins, http://cdn-reichelt.de/documents/datenblatt/A500/LL-504BC2E-009.pdf")
    (tags "LED diameter 5.0mm 2 pins")
    (path /5FDF87E2)
    (fp_text reference D6 (at 1.2065 1.8415) (layer B.SilkS)
      (effects (font (size 1 1) (thickness 0.15)) (justify mirror))
    )
    (fp_text value LED (at 1.27 -3.96) (layer B.Fab)
      (effects (font (size 1 1) (thickness 0.15)) (justify mirror))
    )
    (fp_line (start 4.5 3.25) (end -1.95 3.25) (layer B.CrtYd) (width 0.05))
    (fp_line (start 4.5 -3.25) (end 4.5 3.25) (layer B.CrtYd) (width 0.05))
    (fp_line (start -1.95 -3.25) (end 4.5 -3.25) (layer B.CrtYd) (width 0.05))
    (fp_line (start -1.95 3.25) (end -1.95 -3.25) (layer B.CrtYd) (width 0.05))
    (fp_line (start -1.29 1.545) (end -1.29 -1.545) (layer B.SilkS) (width 0.12))
    (fp_line (start -1.23 1.469694) (end -1.23 -1.469694) (layer B.Fab) (width 0.1))
    (fp_circle (center 1.27 0) (end 3.77 0) (layer B.SilkS) (width 0.12))
    (fp_circle (center 1.27 0) (end 3.77 0) (layer B.Fab) (width 0.1))
    (fp_arc (start 1.27 0) (end -1.23 1.469694) (angle -299.1) (layer B.Fab) (width 0.1))
    (fp_arc (start 1.27 0) (end -1.29 1.54483) (angle -148.9) (layer B.SilkS) (width 0.12))
    (fp_arc (start 1.27 0) (end -1.29 -1.54483) (angle 148.9) (layer B.SilkS) (width 0.12))
    (fp_text user %R (at 1.25 0) (layer B.Fab)
      (effects (font (size 0.8 0.8) (thickness 0.2)) (justify mirror))
    )
    (pad 1 thru_hole rect (at 0 0 180) (size 2.2 2.2) (drill 0.9) (layers *.Cu *.Mask)
      (net 14 "Net-(D6-Pad1)"))
    (pad 2 thru_hole circle (at 2.54 0 180) (size 2.2 2.2) (drill 0.9) (layers *.Cu *.Mask)
      (net 4 "Net-(D10-Pad2)"))
    (model ${KISYS3DMOD}/LED_THT.3dshapes/LED_D5.0mm.wrl
      (at (xyz 0 0 0))
      (scale (xyz 1 1 1))
      (rotate (xyz 0 0 0))
    )
  )

  (module LED_THT:LED_D5.0mm (layer B.Cu) (tedit 5FE8E04D) (tstamp 5FDFB882)
    (at 100.33 77.47)
    (descr "LED, diameter 5.0mm, 2 pins, http://cdn-reichelt.de/documents/datenblatt/A500/LL-504BC2E-009.pdf")
    (tags "LED diameter 5.0mm 2 pins")
    (path /5FDFAFAA)
    (fp_text reference D7 (at 1.27 1.8415) (layer B.SilkS)
      (effects (font (size 1 1) (thickness 0.15)) (justify mirror))
    )
    (fp_text value LED (at 1.27 -3.96) (layer B.Fab)
      (effects (font (size 1 1) (thickness 0.15)) (justify mirror))
    )
    (fp_circle (center 1.27 0) (end 3.77 0) (layer B.Fab) (width 0.1))
    (fp_circle (center 1.27 0) (end 3.77 0) (layer B.SilkS) (width 0.12))
    (fp_line (start -1.23 1.469694) (end -1.23 -1.469694) (layer B.Fab) (width 0.1))
    (fp_line (start -1.29 1.545) (end -1.29 -1.545) (layer B.SilkS) (width 0.12))
    (fp_line (start -1.95 3.25) (end -1.95 -3.25) (layer B.CrtYd) (width 0.05))
    (fp_line (start -1.95 -3.25) (end 4.5 -3.25) (layer B.CrtYd) (width 0.05))
    (fp_line (start 4.5 -3.25) (end 4.5 3.25) (layer B.CrtYd) (width 0.05))
    (fp_line (start 4.5 3.25) (end -1.95 3.25) (layer B.CrtYd) (width 0.05))
    (fp_text user %R (at 1.25 0) (layer B.Fab)
      (effects (font (size 0.8 0.8) (thickness 0.2)) (justify mirror))
    )
    (fp_arc (start 1.27 0) (end -1.29 -1.54483) (angle 148.9) (layer B.SilkS) (width 0.12))
    (fp_arc (start 1.27 0) (end -1.29 1.54483) (angle -148.9) (layer B.SilkS) (width 0.12))
    (fp_arc (start 1.27 0) (end -1.23 1.469694) (angle -299.1) (layer B.Fab) (width 0.1))
    (pad 2 thru_hole circle (at 2.54 0) (size 2.2 2.2) (drill 0.9) (layers *.Cu *.Mask)
      (net 6 "Net-(D11-Pad2)"))
    (pad 1 thru_hole rect (at 0 0) (size 2.2 2.2) (drill 0.9) (layers *.Cu *.Mask)
      (net 15 "Net-(D7-Pad1)"))
    (model ${KISYS3DMOD}/LED_THT.3dshapes/LED_D5.0mm.wrl
      (at (xyz 0 0 0))
      (scale (xyz 1 1 1))
      (rotate (xyz 0 0 0))
    )
  )

  (module LED_THT:LED_D5.0mm (layer B.Cu) (tedit 5FE8E0D1) (tstamp 5FDFB894)
    (at 100.33 93.345)
    (descr "LED, diameter 5.0mm, 2 pins, http://cdn-reichelt.de/documents/datenblatt/A500/LL-504BC2E-009.pdf")
    (tags "LED diameter 5.0mm 2 pins")
    (path /5FDFAFBC)
    (fp_text reference D8 (at 1.27 1.778) (layer B.SilkS)
      (effects (font (size 1 1) (thickness 0.15)) (justify mirror))
    )
    (fp_text value LED (at 1.27 -3.96) (layer B.Fab)
      (effects (font (size 1 1) (thickness 0.15)) (justify mirror))
    )
    (fp_line (start 4.5 3.25) (end -1.95 3.25) (layer B.CrtYd) (width 0.05))
    (fp_line (start 4.5 -3.25) (end 4.5 3.25) (layer B.CrtYd) (width 0.05))
    (fp_line (start -1.95 -3.25) (end 4.5 -3.25) (layer B.CrtYd) (width 0.05))
    (fp_line (start -1.95 3.25) (end -1.95 -3.25) (layer B.CrtYd) (width 0.05))
    (fp_line (start -1.29 1.545) (end -1.29 -1.545) (layer B.SilkS) (width 0.12))
    (fp_line (start -1.23 1.469694) (end -1.23 -1.469694) (layer B.Fab) (width 0.1))
    (fp_circle (center 1.27 0) (end 3.77 0) (layer B.SilkS) (width 0.12))
    (fp_circle (center 1.27 0) (end 3.77 0) (layer B.Fab) (width 0.1))
    (fp_arc (start 1.27 0) (end -1.23 1.469694) (angle -299.1) (layer B.Fab) (width 0.1))
    (fp_arc (start 1.27 0) (end -1.29 1.54483) (angle -148.9) (layer B.SilkS) (width 0.12))
    (fp_arc (start 1.27 0) (end -1.29 -1.54483) (angle 148.9) (layer B.SilkS) (width 0.12))
    (fp_text user %R (at 1.25 0) (layer B.Fab)
      (effects (font (size 0.8 0.8) (thickness 0.2)) (justify mirror))
    )
    (pad 1 thru_hole rect (at 0 0) (size 2.2 2.2) (drill 0.9) (layers *.Cu *.Mask)
      (net 16 "Net-(D8-Pad1)"))
    (pad 2 thru_hole circle (at 2.54 0) (size 2.2 2.2) (drill 0.9) (layers *.Cu *.Mask)
      (net 7 "Net-(D12-Pad2)"))
    (model ${KISYS3DMOD}/LED_THT.3dshapes/LED_D5.0mm.wrl
      (at (xyz 0 0 0))
      (scale (xyz 1 1 1))
      (rotate (xyz 0 0 0))
    )
  )

  (module LED_THT:LED_D5.0mm (layer B.Cu) (tedit 5FE8DFBA) (tstamp 5FDFB8A6)
    (at 103.505 56.515)
    (descr "LED, diameter 5.0mm, 2 pins, http://cdn-reichelt.de/documents/datenblatt/A500/LL-504BC2E-009.pdf")
    (tags "LED diameter 5.0mm 2 pins")
    (path /5FDF682D)
    (fp_text reference D9 (at 1.27 2.286) (layer B.SilkS)
      (effects (font (size 1 1) (thickness 0.15)) (justify mirror))
    )
    (fp_text value LED (at 1.27 -3.96) (layer B.Fab)
      (effects (font (size 1 1) (thickness 0.15)) (justify mirror))
    )
    (fp_line (start 4.5 3.25) (end -1.95 3.25) (layer B.CrtYd) (width 0.05))
    (fp_line (start 4.5 -3.25) (end 4.5 3.25) (layer B.CrtYd) (width 0.05))
    (fp_line (start -1.95 -3.25) (end 4.5 -3.25) (layer B.CrtYd) (width 0.05))
    (fp_line (start -1.95 3.25) (end -1.95 -3.25) (layer B.CrtYd) (width 0.05))
    (fp_line (start -1.29 1.545) (end -1.29 -1.545) (layer B.SilkS) (width 0.12))
    (fp_line (start -1.23 1.469694) (end -1.23 -1.469694) (layer B.Fab) (width 0.1))
    (fp_circle (center 1.27 0) (end 3.77 0) (layer B.SilkS) (width 0.12))
    (fp_circle (center 1.27 0) (end 3.77 0) (layer B.Fab) (width 0.1))
    (fp_arc (start 1.27 0) (end -1.23 1.469694) (angle -299.1) (layer B.Fab) (width 0.1))
    (fp_arc (start 1.27 0) (end -1.29 1.54483) (angle -148.9) (layer B.SilkS) (width 0.12))
    (fp_arc (start 1.27 0) (end -1.29 -1.54483) (angle 148.9) (layer B.SilkS) (width 0.12))
    (fp_text user %R (at 1.25 0) (layer B.Fab)
      (effects (font (size 0.8 0.8) (thickness 0.2)) (justify mirror))
    )
    (pad 1 thru_hole rect (at 0 0) (size 2.2 2.2) (drill 0.9) (layers *.Cu *.Mask)
      (net 17 "Net-(D9-Pad1)"))
    (pad 2 thru_hole circle (at 2.54 0) (size 2.2 2.2) (drill 0.9) (layers *.Cu *.Mask)
      (net 2 "Net-(D1-Pad2)"))
    (model ${KISYS3DMOD}/LED_THT.3dshapes/LED_D5.0mm.wrl
      (at (xyz 0 0 0))
      (scale (xyz 1 1 1))
      (rotate (xyz 0 0 0))
    )
  )

  (module LED_THT:LED_D5.0mm (layer B.Cu) (tedit 5FE8DFD9) (tstamp 5FDFB8B8)
    (at 106.68 68.58)
    (descr "LED, diameter 5.0mm, 2 pins, http://cdn-reichelt.de/documents/datenblatt/A500/LL-504BC2E-009.pdf")
    (tags "LED diameter 5.0mm 2 pins")
    (path /5FDF87E8)
    (fp_text reference D10 (at 1.27 1.8415) (layer B.SilkS)
      (effects (font (size 1 1) (thickness 0.15)) (justify mirror))
    )
    (fp_text value LED (at 1.27 -3.96) (layer B.Fab)
      (effects (font (size 1 1) (thickness 0.15)) (justify mirror))
    )
    (fp_circle (center 1.27 0) (end 3.77 0) (layer B.Fab) (width 0.1))
    (fp_circle (center 1.27 0) (end 3.77 0) (layer B.SilkS) (width 0.12))
    (fp_line (start -1.23 1.469694) (end -1.23 -1.469694) (layer B.Fab) (width 0.1))
    (fp_line (start -1.29 1.545) (end -1.29 -1.545) (layer B.SilkS) (width 0.12))
    (fp_line (start -1.95 3.25) (end -1.95 -3.25) (layer B.CrtYd) (width 0.05))
    (fp_line (start -1.95 -3.25) (end 4.5 -3.25) (layer B.CrtYd) (width 0.05))
    (fp_line (start 4.5 -3.25) (end 4.5 3.25) (layer B.CrtYd) (width 0.05))
    (fp_line (start 4.5 3.25) (end -1.95 3.25) (layer B.CrtYd) (width 0.05))
    (fp_text user %R (at 1.25 0) (layer B.Fab)
      (effects (font (size 0.8 0.8) (thickness 0.2)) (justify mirror))
    )
    (fp_arc (start 1.27 0) (end -1.29 -1.54483) (angle 148.9) (layer B.SilkS) (width 0.12))
    (fp_arc (start 1.27 0) (end -1.29 1.54483) (angle -148.9) (layer B.SilkS) (width 0.12))
    (fp_arc (start 1.27 0) (end -1.23 1.469694) (angle -299.1) (layer B.Fab) (width 0.1))
    (pad 2 thru_hole circle (at 2.54 0) (size 2.2 2.2) (drill 0.9) (layers *.Cu *.Mask)
      (net 4 "Net-(D10-Pad2)"))
    (pad 1 thru_hole rect (at 0 0) (size 2.2 2.2) (drill 0.9) (layers *.Cu *.Mask)
      (net 5 "Net-(D10-Pad1)"))
    (model ${KISYS3DMOD}/LED_THT.3dshapes/LED_D5.0mm.wrl
      (at (xyz 0 0 0))
      (scale (xyz 1 1 1))
      (rotate (xyz 0 0 0))
    )
  )

  (module LED_THT:LED_D5.0mm (layer B.Cu) (tedit 5FE8E05A) (tstamp 5FDFB8CA)
    (at 109.22 78.74)
    (descr "LED, diameter 5.0mm, 2 pins, http://cdn-reichelt.de/documents/datenblatt/A500/LL-504BC2E-009.pdf")
    (tags "LED diameter 5.0mm 2 pins")
    (path /5FDFAFB0)
    (fp_text reference D11 (at 1.27 1.905) (layer B.SilkS)
      (effects (font (size 1 1) (thickness 0.15)) (justify mirror))
    )
    (fp_text value LED (at 1.27 -3.96) (layer B.Fab)
      (effects (font (size 1 1) (thickness 0.15)) (justify mirror))
    )
    (fp_line (start 4.5 3.25) (end -1.95 3.25) (layer B.CrtYd) (width 0.05))
    (fp_line (start 4.5 -3.25) (end 4.5 3.25) (layer B.CrtYd) (width 0.05))
    (fp_line (start -1.95 -3.25) (end 4.5 -3.25) (layer B.CrtYd) (width 0.05))
    (fp_line (start -1.95 3.25) (end -1.95 -3.25) (layer B.CrtYd) (width 0.05))
    (fp_line (start -1.29 1.545) (end -1.29 -1.545) (layer B.SilkS) (width 0.12))
    (fp_line (start -1.23 1.469694) (end -1.23 -1.469694) (layer B.Fab) (width 0.1))
    (fp_circle (center 1.27 0) (end 3.77 0) (layer B.SilkS) (width 0.12))
    (fp_circle (center 1.27 0) (end 3.77 0) (layer B.Fab) (width 0.1))
    (fp_arc (start 1.27 0) (end -1.23 1.469694) (angle -299.1) (layer B.Fab) (width 0.1))
    (fp_arc (start 1.27 0) (end -1.29 1.54483) (angle -148.9) (layer B.SilkS) (width 0.12))
    (fp_arc (start 1.27 0) (end -1.29 -1.54483) (angle 148.9) (layer B.SilkS) (width 0.12))
    (fp_text user %R (at 1.25 0) (layer B.Fab)
      (effects (font (size 0.8 0.8) (thickness 0.2)) (justify mirror))
    )
    (pad 1 thru_hole rect (at 0 0) (size 2.2 2.2) (drill 0.9) (layers *.Cu *.Mask)
      (net 18 "Net-(D11-Pad1)"))
    (pad 2 thru_hole circle (at 2.54 0) (size 2.2 2.2) (drill 0.9) (layers *.Cu *.Mask)
      (net 6 "Net-(D11-Pad2)"))
    (model ${KISYS3DMOD}/LED_THT.3dshapes/LED_D5.0mm.wrl
      (at (xyz 0 0 0))
      (scale (xyz 1 1 1))
      (rotate (xyz 0 0 0))
    )
  )

  (module LED_THT:LED_D5.0mm (layer B.Cu) (tedit 5FE8E0C2) (tstamp 5FDFB8DC)
    (at 106.68 87.63)
    (descr "LED, diameter 5.0mm, 2 pins, http://cdn-reichelt.de/documents/datenblatt/A500/LL-504BC2E-009.pdf")
    (tags "LED diameter 5.0mm 2 pins")
    (path /5FDFAFC2)
    (fp_text reference D12 (at 1.27 1.7145) (layer B.SilkS)
      (effects (font (size 1 1) (thickness 0.15)) (justify mirror))
    )
    (fp_text value LED (at 1.27 -3.96) (layer B.Fab)
      (effects (font (size 1 1) (thickness 0.15)) (justify mirror))
    )
    (fp_circle (center 1.27 0) (end 3.77 0) (layer B.Fab) (width 0.1))
    (fp_circle (center 1.27 0) (end 3.77 0) (layer B.SilkS) (width 0.12))
    (fp_line (start -1.23 1.469694) (end -1.23 -1.469694) (layer B.Fab) (width 0.1))
    (fp_line (start -1.29 1.545) (end -1.29 -1.545) (layer B.SilkS) (width 0.12))
    (fp_line (start -1.95 3.25) (end -1.95 -3.25) (layer B.CrtYd) (width 0.05))
    (fp_line (start -1.95 -3.25) (end 4.5 -3.25) (layer B.CrtYd) (width 0.05))
    (fp_line (start 4.5 -3.25) (end 4.5 3.25) (layer B.CrtYd) (width 0.05))
    (fp_line (start 4.5 3.25) (end -1.95 3.25) (layer B.CrtYd) (width 0.05))
    (fp_text user %R (at 1.25 0) (layer B.Fab)
      (effects (font (size 0.8 0.8) (thickness 0.2)) (justify mirror))
    )
    (fp_arc (start 1.27 0) (end -1.29 -1.54483) (angle 148.9) (layer B.SilkS) (width 0.12))
    (fp_arc (start 1.27 0) (end -1.29 1.54483) (angle -148.9) (layer B.SilkS) (width 0.12))
    (fp_arc (start 1.27 0) (end -1.23 1.469694) (angle -299.1) (layer B.Fab) (width 0.1))
    (pad 2 thru_hole circle (at 2.54 0) (size 2.2 2.2) (drill 0.9) (layers *.Cu *.Mask)
      (net 7 "Net-(D12-Pad2)"))
    (pad 1 thru_hole rect (at 0 0) (size 2.2 2.2) (drill 0.9) (layers *.Cu *.Mask)
      (net 19 "Net-(D12-Pad1)"))
    (model ${KISYS3DMOD}/LED_THT.3dshapes/LED_D5.0mm.wrl
      (at (xyz 0 0 0))
      (scale (xyz 1 1 1))
      (rotate (xyz 0 0 0))
    )
  )

  (module Resistor_SMD:R_0805_2012Metric_Pad1.20x1.40mm_HandSolder (layer B.Cu) (tedit 5F68FEEE) (tstamp 5FF3F5B7)
    (at 92.71 74.6125)
    (descr "Resistor SMD 0805 (2012 Metric), square (rectangular) end terminal, IPC_7351 nominal with elongated pad for handsoldering. (Body size source: IPC-SM-782 page 72, https://www.pcb-3d.com/wordpress/wp-content/uploads/ipc-sm-782a_amendment_1_and_2.pdf), generated with kicad-footprint-generator")
    (tags "resistor handsolder")
    (path /5FF39C8F)
    (attr smd)
